2 2 8 0
2 0
0 2
0.14225 0.85775
1.008 15.9994
0.25E+01 0 0 0 0 0.25471630E+05 -0.46011760E+00
0.35094850E+01 0.11499670E-02 0.58784260E-05 -0.77795520E-08 0.29607880E-11 0.13803330E+04 0.68276320E+01
0.30574450E+01 0.26765200E-02 -0.58099160E-05 0.55210390E-08 -0.18122740E-11 -0.98890470E+03 -0.22997060E+01
0.40701270E+01 -0.11084500E-02 0.41521180E-05 -0.29637400E-08 0.80702100E-12 -0.30279720E+05 -0.32270050E+00
0.33887540E+01 0.65692260E-02 -0.14850130E-06 -0.46258060E-08 0.24715150E-11 -0.17663150E+05 0.67853630E+01
0.29464290E+01 -0.16381660E-02 0.24210320E-05 -0.16028430E-08 0.38906960E-12 0.29147640E+05 0.29639950E+01
0.38375940E+01 -0.10778860E-02 0.96830380E-06 0.18713970E-09 -0.22571090E-12 0.36412820E+04 0.49370010E+00
0.36255980E+01 -0.18782180E-02 0.70554540E-05 -0.67635140E-08 0.21555990E-11 -0.10475230E+04 0.43052780E+01
1 1 2 2 2 0 1 0
0 2 0 1 2 1 1 2
205
3000 4000 50
1e-3 1e-7 10 30 1e-7 1e-5 1e-5 1e-5
-1210.92e3
1
0.5